10207
10581
10788
10831
10944
11208
11638
120
12079
12157
12434
1309
13262
13863
13968
14405
14550
1462
2382
2578
2973
3144
3170
3351
3459
3485
3726
3839
386
4202
4312
4434
4480
4754
4891
5551
5564
56
5780
5991
6170
6281
6355
6371
6505
6584
6884
7302
7330
7808
8039
8255
8578
9039
9812
10355
10776
10830
11170
1122
1132
11732
11963
12520
12784
13512
14384
1964
2070
2824
2850
345
3710
4062
4259
4816
5266
5577
582
5843
5862
5895
6040
6380
6471
6486
6697
6754
705
7226
749
7737
7942
8182
8366
8434
8605
8941
9066
9381
9393
9830
9946
9958
10227
10334
10353
10380
11079
11246
12273
12969
12973
13088
13190
13979
13981
1430
14350
14705
14723
14757
14873
2074
2467
3154
3305
3917
4206
4254
4622
4687
4928
5005
5434
5516
5521
5535
590
5990
6073
6115
6266
6364
6425
6625
6731
6741
6743
6951
7219
7799
7826
8208
8369
8382
8982
8994
9051
9195
925
9743
9780
9903
10225
10365
10731
10913
11052
11268
11281
11467
11985
12168
12295
1255
12768
13452
13557
14083
14178
14181
14229
1433
14449
14501
14583
1628
1830
1994
2230
2458
2936
3693
3968
4025
4154
4804
4992
5074
5220
5245
5278
5308
5345
5436
5597
5611
6690
6885
6960
697
6980
73
745
7559
7642
789
8480
8634
8678
8809
9054
9320
9745
10204
1060
11000
11251
11329
11682
11881
12120
12143
12479
1252
12664
1283
12981
13062
13305
13478
13615
13771
13964
14161
14211
14462
14797
14881
14929
14942
1820
2206
3219
3773
3785
385
410
4197
4469
4493
4570
5136
516
5207
5288
5410
5557
5733
5836
6554
7053
7169
7332
7494
8080
8210
8626
8815
9046
9429
978
10087
10286
10323
10652
10998
1100
11003
11330
11391
11411
11471
11997
12089
12210
12233
12730
12863
13038
13098
13601
14091
14096
14104
14210
14255
14465
14534
14772
14808
14892
1647
1765
1860
1928
2375
2562
2930
2953
3007
3482
3579
3677
3713
3718
38
4522
4544
4627
5471
6049
6206
6488
6539
666
689
7557
7632
8031
8132
8834
8904
9263
1010
10385
10434
10804
10815
11124
11284
11430
11481
11877
11920
12198
12229
12381
12466
12754
1319
13747
13884
14735
14775
14940
2323
2835
285
346
4133
4291
481
510
5191
5364
560
6225
6726
7040
7201
731
7362
7388
756
7939
8043
8067
8290
9547
10100
10192
10298
11054
11361
11656
11669
11836
11865
12179
12794
12829
13021
13497
13766
13769
13974
14398
14614
14683
14742
14947
1763
2584
3903
4035
4044
4168
493
5422
5627
6142
722
7839
9019
9310
9533
10308
10744
10751
10890
11250
11314
11439
1148
11523
11540
12124
12359
12362
12374
1315
13375
13654
13681
13951
14010
14053
14392
14646
1570
1601
2266
2418
2552
2885
2971
3035
3520
367
3929
4117
5378
5602
583
6366
6967
741
7754
8279
8332
8409
8425
8713
8908
9249
9326
9590
9659
9696
10367
10483
10545
10620
11197
11368
114
11884
12056
12082
12325
1237
13273
13976
14045
14466
14894
149
14931
1714
2132
2196
3329
3466
374
3849
4005
4020
4183
4605
4717
5110
5900
6547
6594
7554
7880
7949
852
8560
8564
9253
9703
9781
10219
1027
10503
10865
11154
11236
11342
11644
11892
12041
12227
12638
1295
13751
13764
13810
13847
14185
14840
1583
2149
242
2978
3502
3527
3772
3926
4046
4324
4555
463
4643
50
5120
5856
6091
611
6621
7069
7317
7882
8171
8364
875
9162
9612
9629
9796
10452
11234
11334
11369
11605
11683
1171
13292
1468
14698
14835
1700
2427
2546
2564
3047
3092
4174
5076
5497
5569
5584
5671
5794
5811
6052
6072
6194
6472
6766
7931
7935
7975
8095
8199
9588
9694
10283
10584
10692
1085
12035
12441
13401
13511
137
13941
1395
14200
14280
14433
14533
14643
14945
1769
2115
4066
4169
4189
4957
5369
5562
5674
5807
6219
6778
6947
7103
7150
7863
8149
8214
8821
8850
8969
9410
9955
10085
10583
1077
11431
11524
12033
12209
12511
132
13833
2320
2459
2777
2822
311
3793
4024
4214
4546
4714
4810
4938
5370
5473
5474
5510
6038
6106
6686
6719
7343
8066
853
8932
9110
9534
10051
10302
10344
10453
11283
12028
12635
12702
13042
13299
13369
13555
13832
14523
14790
1519
1749
2450
3499
4092
43
4388
488
5294
5622
5857
6252
7255
7414
7866
8445
9010
9398
9471
9484
10175
1169
11729
12076
12190
12439
13797
1380
14586
14600
1528
2152
2249
2317
2795
2904
4018
4094
460
5276
5699
6257
7428
845
8675
8874
8896
8965
9115
9442
9447
9715
9805
1004
10377
10473
10921
11379
11553
12621
12760
13159
13439
13630
13932
14207
14906
2373
2557
300
3120
3589
3607
4086
4711
4851
5607
5690
7667
8416
8504
9323
9602
9821
1042
10653
10749
10763
11390
11456
11586
11873
12121
12212
12397
13441
13830
14141
1787
1996
2083
229
2399
2410
26
2704
2766
2907
3360
4243
4794
5204
5467
6178
6818
6908
700
7031
7391
8736
9444
9981
10429
10684
10766
11714
1175
11871
12580
13431
13450
13479
14326
2048
2124
2517
3009
3192
3236
3787
400
4003
4589
5171
5439
5714
5887
5980
6114
6447
6551
6569
703
7472
7694
8009
8411
8886
9204
9252
9702
10218
10551
10957
11304
1144
11776
11879
12073
12351
12415
12419
12586
12814
13030
13287
13906
14131
14874
2107
2545
2778
3349
3938
4633
5389
5397
568
5809
6609
719
7215
8321
8556
8691
8772
8912
9319
9795
9927
100
10215
10244
10512
10607
11971
12006
1207
1214
12524
13279
13491
13815
1892
201
2155
2219
2580
2970
2999
3477
3637
4107
4230
4466
459
4802
5817
5993
6059
633
648
6787
7264
7502
774
7787
8032
810
8839
8980
906
9307
9309
9330
9587
10011
10779
11535
12106
12279
12629
12890
13049
13584
13719
1535
2046
2682
2700
2882
3585
4081
4365
4760
4994
507
645
6545
6689
6957
7174
8384
8868
9142
9508
970
999
10495
10590
10642
10906
11477
11671
12899
13394
13944
14378
1631
2348
2710
2842
3151
3319
350
4288
4548
4585
4856
5055
5227
5405
5522
5601
5936
6669
6747
6781
7
7223
7805
8637
9041
9043
9726
9827
10049
10398
10524
10746
11800
12535
12827
13046
13457
14603
1523
172
2941
364
3644
4283
542
5906
701
7850
8156
9303
9575
10456
10827
10874
11420
11885
12046
12297
12334
12343
13156
13437
13562
1408
14734
14738
1498
3560
3608
3770
3912
486
5039
521
5225
5353
5544
5545
5566
7242
7256
7257
8135
8784
9627
9735
9740
987
988
0
10838
11475
12032
12313
12408
12633
13075
14473
14693
14699
1710
1815
2021
4073
4508
6108
6328
6876
8406
9687
9757
10066
11932
13529
13822
14140
14176
14904
1666
1967
2233
2345
2565
3050
309
3158
4118
4582
538
5606
5885
6285
6470
7096
8368
8551
8566
8825
9640
10585
10803
11163
11280
12443
1257
12688
12816
13167
13698
1383
13921
146
2060
2134
4449
4676
5128
5150
5864
5899
5997
6345
6349
6430
6804
6930
751
7802
8604
9108
9182
9189
9271
944
11608
13300
13341
13498
1942
1977
2716
4890
6340
730
7370
8484
8816
912
9258
9451
10161
10828
11596
1160
12
12062
12222
12836
12869
13051
13631
13691
13708
14060
14094
14727
2053
2248
2314
2489
2659
6720
7538
7624
8313
10265
10547
1055
10762
11710
11773
12346
1248
12868
12946
13028
13530
13796
14390
14417
2205
2210
260
27
277
3373
3941
3994
5090
5270
5442
6452
6833
7061
7294
7527
7720
8016
8702
8922
9053
9093
10039
10101
10339
10424
10594
10860
11398
12728
12964
13877
14124
14507
2282
2985
3122
329
338
3871
4201
4454
646
8387
862
10484
10651
10796
11679
11925
13891
14195
1972
3117
3288
3531
4781
5284
6006
7083
8304
8328
840
9467
9883
11461
12215
13071
13386
13453
13905
14369
1891
1937
2672
2890
3306
4695
5324
6901
7344
7592
8345
8353
8529
8708
9062
9119
9356
9376
9792
10364
11301
1186
12612
13034
1682
2861
3429
4930
519
5219
543
6615
6936
7346
8162
8188
8532
9435
11008
11424
11631
12388
13247
13859
1532
2478
290
3388
3598
3764
4101
485
5341
556
5610
5814
8341
9441
9553
9634
1200
12515
1275
2894
2902
3465
3530
4110
4126
4203
4400
4409
478
5757
5894
607
6098
6326
758
7601
8062
8166
8779
8828
10127
10489
11699
12363
13064
14000
14217
14470
14489
14932
2361
246
2477
2892
2986
3448
4724
5244
5571
605
6871
696
7455
7567
8561
9008
9405
10287
11446
11564
12187
12947
13066
13542
13547
13773
13851
14101
14241
1537
3103
3125
3347
3844
4595
5799
5822
5842
7116
7363
7626
7923
8077
8176
9273
10153
10201
10206
10895
11299
11310
13711
1707
4775
497
5391
5877
7313
8251
8392
920
9478
9668
9732
10128
10426
10972
11227
11675
12566
12660
140
14618
14761
3297
429
5160
6581
6979
7084
7182
7331
7690
8115
8152
8639
9094
12549
12625
12832
13370
1386
14663
1877
2322
2934
3331
408
4191
4678
4871
5515
8395
8845
9364
9550
9657
12012
12223
12539
12708
1339
13777
14492
1512
1691
1750
2779
3469
4011
4084
4614
4853
5071
5250
669
6699
6829
7018
8765
8820
9178
1000
1018
1062
11088
12043
12217
12533
12572
13193
13446
173
2304
3252
3478
5382
5925
6139
6513
702
7148
8300
8474
8783
10099
11987
12423
13400
14508
1794
1969
2128
2597
4240
4389
5114
5426
7229
8867
9784
11399
11853
13260
13566
14230
14321
1493
3102
3303
353
4922
5343
5561
6825
8265
9815
10500
10719
10761
11159
11348
11774
11924
12766
13449
13900
2376
4135
4985
527
5486
6314
6566
6723
6831
7206
8592
9455
9708
9967
10083
10911
11101
12142
13029
13055
13991
14469
1645
2547
278
3272
3679
4832
5695
7493
8444
9277
9744
9994
10200
11767
12167
1508
2045
218
2724
3018
3390
3836
4083
4596
5293
7104
7154
9346
9554
10025
10233
11098
11832
12878
14625
1718
2236
2758
2774
4638
5094
585
6039
6272
7383
7979
81
8533
8546
9244
9545
10531
107
11228
13345
14628
1949
2144
2172
254
3432
8056
8219
8405
8448
9241
10724
12552
12677
1297
13474
1348
13712
3701
3838
6015
6653
6710
792
9938
11629
11825
11933
12287
12663
13759
1384
14452
14519
4671
4809
683
7336
8876
9424
10945
1371
14031
2095
2103
2881
3408
3825
4074
4860
5097
5487
5621
6393
6399
10108
10669
1119
14191
14896
1742
2272
3759
4284
4660
4716
5419
5783
6212
6324
7445
8229
9712
11065
11117
12401
3167
456
5274
533
5482
5835
5982
653
7721
8653
8793
9517
10414
10604
1135
11852
12196
12208
12844
13154
14250
14414
1732
225
3900
4256
4420
6296
6412
6577
6630
8698
877
10309
10996
11093
12180
1458
1879
2097
3385
5902
6931
10818
12191
13782
14037
1771
4561
5524
6210
642
7208
817
8461
9728
9893
10478
11118
14928
2138
3364
4105
4194
4435
5303
5805
6043
681
7115
7290
8776
13289
1775
3392
4028
51
7288
8716
9767
10232
11447
11657
12252
12685
12987
13438
13904
14912
1930
3569
3586
3697
3860
4267
4881
7013
7790
911
9430
9977
9990
12260
12823
13339
13440
13652
14367
16
2416
5098
5658
5840
5994
654
8695
9011
9492
10199
10587
10793
11826
12321
12457
13792
14359
3669
399
5009
6461
6642
7235
801
814
8650
8727
9910
10861
10965
11239
11842
12994
14385
3547
3618
4682
6421
6544
6740
7378
7959
8331
8803
8981
9538
9723
993
12895
13983
1513
7132
7452
11637
12569
12622
13644
13795
13995
14482
1785
2049
3389
6478
7077
7705
7730
8967
9473
9556
10368
11509
14472
2671
3040
3094
3382
449
4530
4702
4772
5075
6948
8355
8661
13741
1642
1875
3872
5449
5634
7405
11053
12398
14838
1848
2385
3162
3413
4045
5021
5386
6221
6681
7572
8236
8258
9042
9479
11577
117
12293
13106
2456
2582
3725
4951
5133
6795
6893
7699
9875
10968
1249
14604
1482
1839
2386
3921
5613
6497
7498
7597
8263
8537
8884
8987
10702
11370
11741
13709
14510
1831
204
6044
6397
667
7381
771
836
918
9389
9647
1124
13268
2160
2491
3201
3808
5527
8358
11494
1158
12103
14729
2159
3887
4115
5070
889
8913
9067
9293
10881
11944
12391
13667
14236
1961
442
471
4747
7406
8127
10491
10914
10926
11063
11168
11265
11999
13080
1376
13864
14860
276
5824
6964
10000
10371
1039
10675
11468
13271
14559
1916
562
5839
6238
691
8454
10640
12742
13434
14474
1548
2927
4010
4531
8396
10542
11061
11351
1157
11702
12320
14215
4055
4149
5287
6962
7068
8757
10256
10402
12257
13853
14192
5523
7161
7894
8751
8962
11532
11901
13722
14914
2887
3874
4955
6134
753
7758
8509
11646
1282
13006
13265
13737
3635
3985
4728
5469
5749
6007
8643
9543
10410
10775
12493
13364
169
2980
3137
4586
4706
6080
7305
9367
11022
14662
3298
3806
4266
4587
5706
6525
12015
1205
12639
12715
8998
9528
1038
13648
2636
45
5960
6590
8154
9529
12496
13403
14015
14552
2431
2951
3185
5371
7683
9569
10889
13367
14837
2029
2572
4450
4808
5152
6434
7180
7462
8563
9771
9855
9886
11607
1173
12684
14071
1963
3111
4413
444
514
603
6444
6603
6924
7521
8795
8802
10173
13212
13468
13482
1792
258
3238
3261
3504
3705
5804
6180
7030
8084
11278
11418
13320
13388
13868
3421
3449
3565
5588
5669
6188
6374
6955
7101
790
10836
11888
12842
14490
14927
5262
5416
7251
7485
8106
10967
12736
12860
12933
13720
13883
3079
3420
6029
7756
8049
9457
10518
11004
11670
14872
1488
1808
2836
2854
3066
7395
9804
12122
2176
3243
1127
12154
129
13831
13908
2085
2583
3015
5350
7075
9709
10614
12474
12498
12652
13296
3768
4227
5826
6877
82
9409
10387
10773
1107
11196
11258
601
7960
8040
8570
9825
11721
12491
12889
13674
166
2655
8567
11325
12133
13732
3322
6113
7913
8398
8694
924
11394
1241
13507
6156
6414
7357
10059
11434
12920
13682
1411
1494
2732
7531
7999
9544
12345
13790
14187
14315
14581
2466
4357
6771
79
8770
10936
11245
11574
14292
14676
2183
3629
5896
8205
12393
12744
13927
1581
2199
2610
7728
1113
11437
1422
1629
2010
4376
5258
5368
7265
8314
10499
11463
12261
1725
2445
2918
4122
5485
6226
9098
11222
12914
1363
4542
4649
4993
6030
6491
718
8645
12948
1782
2972
2996
3719
6129
7994
8060
9991
10853
10977
11104
12360
14138
2725
2781
3376
5534
6435
7885
8717
8843
9164
11300
11491
11967
12536
13093
13218
340
532
6580
7837
7922
9439
9665
9995
10409
14427
6487
9594
10094
10480
12531
13840
1455
1716
4333
5931
8893
11499
14623
7390
10132
3393
4148
4390
4771
5374
11716
3649
3950
5234
8718
8927
11513
116
14619
2093
4251
8264
10602
11750
12503
14061
14674
1598
2164
5011
7263
838
9425
13188
5502
8006
13114
14193
4013
60
86
10018
12481
1341
5466
658
6768
7905
8613
9714
12204
13776
14455
4767
5103
63
9227
11777
12181
1675
270
3561
5921
7896
8026
1415
3258
3492
9033
9741
14864
6163
11355
11378
13963
3148
3324
3856
4098
7052
7564
9215
11719
14857
1893
2306
2417
6812
7772
9530
11327
2857
333
4436
9343
1168
11849
4869
508
8030
12101
12447
14152
6171
9682
7094
8326
10234
10869
11217
11668
14170
3086
3638
7542
8512
1356
13930
650
12367
13355
5142
612
12867
2090
4562
6984
9763
11188
14737
10728
113
1181
13885
5140
7009
11954
14764
1833
4443
9301
2895
5174
8999
9158
12803
13079
7322
8495
10392
14062
8064
8385
9278
9426
10197
1394
14479
264
3419
3958
8988
11256
13152
13663
1646
2490
4558
770
8895
133
199
5461
6739
8451
8565
11488
13640
2279
5859
7392
9333
11425
12722
3301
476
5179
6589
8054
973
9944
13418
1389
7612
8476
8734
12571
1437
4539
9610
9645
1514
1533
6243
6274
628
764
8252
3823
5029
10991
3021
3198
3353
550
6735
8459
10102
14871
4982
7801
8114
14726
14776
3338
5313
8726
121
14381
3715
4829
6789
14826
2900
3563
5
5567
641
6850
11275
11541
13574
14310
3
3757
401
8160
9890
10810
12978
3788
5525
5815
9449
9939
1059
10617
10841
13939
14803
14863
1983
8636
11845
4293
5373
7966
8365
13306
14386
4919
6103
6627
3039
6321
2311
3885
4372
440
3063
13172
1677
6464
7584
10382
11913
2954
8673
10226
10573
12392
13053
13410
4296
14335
2823
7049
8760
13012
14511
3290
3493
10019
11529
4255
6834
864
9823
9835
11339
13009
1308
14456
9003
9636
1736
5558
8086
13484
2036
12534
7625
8644
127
14577
2261
5444
649
8739
11778
12645
2830
3216
9349
10369
12286
12560
5063
7646
8185
839
12057
13534
2768
3396
3868
11094
11133
12630
13132
13600
1641
5916
6322
6986
12510
12521
13799
827
12156
12238
14030
14937
12125
3961
8351
9201
11730
740
3736
503
5934
11255
1287
2813
5800
10954
1863
2606
9963
588
6088
8860
9328
12039
7272
10042
257
6198
9388
1097
12352
4121
4694
7468
10710
1222
13099
13242
14383
14824
1491
1538
2298
4686
5873
6055
8246
8956
10326
11332
2076
12817
13954
11038
11172
2308
11780
12761
7442
8681
1452
5334
621
228
6213
7717
13742
6014
10386
9992
13568
3274
7262
12582
12763
13521
14165
14750
4124
6418
7309
976
9954
10925
2568
2711
4244
4613
7134
13208
3878
8278
10340
1613
3055
7539
9025
12671
3685
3937
9555
11918
11998
1304
13672
14763
5052
8954
12477
304
5072
6899
8078
12292
3707
4217
4427
6271
9518
11515
3394
4519
7858
9859
10792
6066
6118
8087
9739
9542
11011
4430
5739
2039
5845
10297
8450
14054
9710
5100
11720
14816
4827
10139
7016
9806
13925
1346
10479
13973
10901
1720
12289
2151
2269
136
11466
11485
13693
5379
6682
13063
12804
3023
9358
12456
4606
4737
7644
12974
13826
1643
14382
1690
6684
9753
10574
11478
1713
813
620
3975
164
3845
9255
14562
7700
7794
9873
2110
4573
293
1600
8241
9502
13078
13165
5661
754
8215
14276
4547
5087
6004
2963
13261
22
3228
12399
2281
3574
5088
13445
2919
4914
5529
14827
14248
3645
6640
8292
8433
742
7593
7912
11176
8677
12618
7981
3691
6701
12353
2408
7823
8289
9256
6280
7505
8487
9829
2753
4275
7509
11833
13050
1421
14845
861
11575
5665
6292
10281
4034
1140
6793
8094
7042
884
11709
12853
2170
3999
6772
8649
9943
2503
694
2611
5172
4931
5720
7615
851
9841
3078
4855
6956
7241
8317
7399
9275
9638
12083
4685
6168
12950
326
5132
11755
2147
10735
2476
4776
9722
7128
10400
12776
6530
6805
10598
2096
3997
5676
5838
10809
1607
5702
1208
1280
369
12691
684
4470
4600
4131
13259
469
9091
9952
3634
6197
9930
14843
2079
8781
2054
11031
13710
991
10930
33
5530
72
2473
513
11828
7666
12416
8882
4536
8598
1828
614
6628
8347
3797
4875
3332
5649
7147
10296
12430
13676
11731
12290
8633
8787
13005
1665
10795
14918
393
8964
13352
124
2833
4946
7629
9516
13858
14841
452
5986
3550
5647
887
10536
11423
5202
6166
10685
11972
1211
12003
14174
14903
11024
4626
8536
747
12579
496
5210
5479
7441
996
2975
12601
5791
6455
10655
12001
14301
14721
12246
5277
11169
9334
14442
6438
8714
148
2512
7595
10107
12235
526
8150
8582
1203
3410
2209
6934
12243
14869
5259
7746
1065
11105
14013
13372
2893
3249
5685
4735
4821
7337
372
7955
10235
6582
6749
7680
7298
11756
12148
12380
2313
8747
13679
14877
14553
6716
3296
10502
2553
9383
11812
4221
189
11796
8496
6533
8619
1864
9131
9880
11990
2988
474
11199
5946
6685
8830
5709
8120
3372
12786
867
11916
4404
4898
1054
2810
5852
9618
10278
10537
1709
2775
13209
12131
8763
3114
13417
5812
14481
11441
13607
1358
5574
8777
2388
14408
1673
6290
7347
7227
13489
11058
6658
7658
12370
4624
11814
1980
7510
4551
14397
2559
9369
11897
14291
11113
8041
11449
1447
5943
6679
12514
8302
9469
1500
247
8473
1510
8515
10150
1188
2947
4734
14420
1582
6542
1296
4651
11412
6270
9365
6008
9155
5101
1102
12970
14164
7426
10288
10357
7668
9571
3890
2664
9573
1387
1740
7962
12613
4645
1005
13362
4980
14214
12743
13926
6241
3409
4934
8036
5506
1906
3256
9086
5470
8648
14565
351
5919
10277
11082
3748
14366
4108
3165
11095
1342
3962
4894
7599
1471
5762
3495
207
10255
4723
8940
10443
7918
1147
623
9230
3020
3942
9770
11909
14669
2200
7076
2814
6090
10683
12245
3155
5832
11761
10267
11153
12700
10259
4070
11156
2729
9231
7356
10822
14730
3278
3731
7091
3397
8885
3888
13171
12609
8864
14105
8206
868
8764
10075
680
725
8950
10855
3977
3096
7545
9504
3623
3654
95
9907
12390
461
14591
4210
328
395
415
11781
13775
14044
7637
4353
6511
784
7203
9881
9159
9179
7613
5590
4960
12114
11145
4156
5512
6971
10441
12193
6484
11864
10222
6991
14660
193
4697
7058
6450
7648
11136
13622
11207
8163
9438
362
11678
12830
12336
13552
355
6483
9399
4385
12673
4873
10338
11010
13707
9446
2131
4313
10223
7761
9245
13678
2658
2560
7476
6130
11674
6665
9935
1276
7992
13532
1604
7121
4190
13875
13224
14544
7125
1046
1031
4327
626
3544
9196
10166
10432
2940
9737
7429
11676
9308
7678
12063
2228
2268
12258
8855
1393
11643
11856
823
1926
2080
5203
12936
11288
10125
5755
8029
13124
11183
1895
11254
2339
1403
3695
12171
1256
8417
12464
14627
13887
8218
9642
515
12519
8035
13378
384
9193
14012
793
3987
3898
12896
9240
11356
1238
2942
3457
3829
8679
11139
3496
10378
4936
5380
3611
10282
5163
4340
12090
9412
14785
14902
10522
762
8143
2126
10028
5880
7218
2802
2330
3518
4330
8161
13176
4793
6125
11037
14111
1834
10600
7416
9135
12075
10688
10067
2665
9738
10313
253
6973
12752
4949
14703
12937
11073
2246
7130
5206
5618
13471
10496
3034
6846
7840
12965
10644
10005
2145
9296
12647
11536
12966
6347
5421
5166
1310
3065
3426
5475
6597
4954
7420
9605
4644
7764
1546
9999
152
960
6476
7008
7041
1213
2341
878
13332
4981
10577
12676
5046
13876
5460
4085
13594
4300
7000
3130
12972
2444
13873
8274
1472
13444
13475
2241
1602
10511
1946
165
233
11371
1847
2449
5955
10033
8169
6231
13170
13653
11249
2870
7172
7661
9434
5367
3283
2044
3497
10026
1878
10932
9029
428
3924
12172
2338
10045
7092
10184
3804
12718
2949
11784
12220
4987
8429
8063
10900
1553
13526
4352
2743
5376
6696
6651
5554
2061
9779
6599
6051
9633
